0 
1 
2 
3 0 1 2 3 4 5 6 7 
4 8 9 
5 
6 10 
7 11 
8 
9 12 13 
10 
11 
12 
13 14 
14 
15 
16 
17 15 
18 16 17 18 
19 
20 19 20 
21 
22 21 22 23 24 25 26 27 
23 28 29 30 31 32 33 34 35 36 37 38 39 40 41 42 43 44 45 46 47 48 49 50 51 52 53 54 55 56 57 58 59 60 61 
24 62 24 63 64 65 66 67 68 69 70 71 
25 72 73 74 75 
26 76 77 78 79 80 
27 
28 
29 81 82 83 84 85 
30 86 87 88 
31 
32 89 90 91 92 93 94 
33 
34 95 96 97 98 
35 
36 99 100 101 
37 
38 102 103 
39 
40 
41 
42 
43 104 105 106 107 
44 
45 
46 108 109 
47 110 
48 111 
49 112 113 
50 
51 114 
52 115 
53 116 
54 117 118 119 120 121 122 123 124 125 126 127 128 129 
55 
56 130 
57 131 
58 132 
59 133 
60 134 
61 135 
62 
63 
64 
65 
66 
67 
68 
69 
70 
71 136 137 138 
72 
73 139 140 141 142 143 144 145 146 147 148 149 150 
74 
75 
76 
77 
78 151 
79 
80 
81 152 
82 
83 
84 153 154 155 156 157 158 159 160 161 162 163 164 165 166 167 168 169 170 
85 171 
86 
87 
88 
89 
90 172 
91 173 
92 174 
93 175 
94 176 
95 
96 177 
97 178 
98 179 
99 180 
100 181 
101 
102 
103 
104 
105 
106 
107 182 
108 
109 183 
110 
111 
112 
113 
114 
115 
116 
117 
118 
119 
120 
121 184 
122 185 
123 186 
124 187 
125 
126 
127 
128 
129 
130 188 
131 189 
132 190 191 
133 
134 192 193 194 195 
135 
136 
137 196 
138 
139 197 
140 
141 198 
142 
143 199 
144 
145 200 201 
146 202 
147 
148 
149 203 
150 204 205 206 207 
151 
152 
153 208 209 210 211 212 213 214 215 216 217 218 219 220 221 222 223 224 225 226 227 228 229 230 231 232 233 234 235 236 237 238 239 240 241 242 243 244 245 246 247 248 249 250 251 252 253 
154 254 
155 255 256 257 258 259 260 261 262 263 264 265 266 267 268 269 270 271 272 273 274 275 276 277 278 279 
156 
157 280 281 282 283 284 285 286 287 288 289 290 291 292 293 294 295 
158 296 297 
159 298 299 300 301 302 303 304 305 306 
160 307 308 309 310 311 312 313 314 315 316 
161 317 318 319 320 321 322 323 324 325 326 327 328 329 330 331 332 333 334 335 336 337 338 339 340 341 342 343 344 345 346 347 348 349 350 351 352 353 354 355 356 357 
162 
163 
164 
165 358 359 
166 360 361 362 363 364 365 366 367 368 369 370 
167 
168 
169 
170 
171 
172 
173 
174 
175 
176 
177 
178 
179 
180 
181 
182 
183 
184 
185 
186 
187 
188 
189 
190 
191 
192 
193 
194 
195 
196 
197 
198 
199 
200 
201 
202 
203 
204 
205 
206 
207 
208 
209 
210 
211 
212 
213 
214 
215 
216 
217 
218 371 372 373 374 375 376 377 378 379 380 381 
219 
220 382 383 384 385 386 387 388 
221 389 390 391 392 393 