0 1 21 
1 2 5 8 10 11 19 
2 3 4 
3 
4 
5 6 7 
6 
7 
8 9 
9 
10 
11 12 14 16 
12 13 
13 
14 15 
15 
16 17 18 
17 
18 
19 20 
20 
21 22 23 24 25 26 
22 
23 
24 
25 
26 
27 28 31 37 39 
28 29 30 
29 
30 
31 32 33 
32 
33 34 35 36 
34 
35 
36 
37 38 
38 
39 40 55 62 
40 41 54 
41 42 45 50 
42 43 44 
43 
44 
45 46 47 48 49 
46 
47 
48 
49 
50 51 52 53 
51 
52 
53 
54 
55 56 57 58 59 60 61 
56 
57 
58 
59 
60 
61 
62 63 64 
63 57 47 
64 51 59 53 
65 66 77 82 
66 67 68 70 74 
67 
68 69 
69 
70 71 72 73 
71 
72 
73 
74 75 76 
75 
76 
77 78 79 80 81 
78 
79 
80 
81 
82 83 84 
83 
84 
85 86 87 101 105 
86 
87 88 
88 89 95 
89 90 91 92 93 94 
90 
91 
92 
93 
94 
95 96 97 98 99 100 
96 
97 
98 
99 
100 
101 102 103 104 
102 
103 
104 
105 106 125 
106 107 108 123 124 
107 
108 109 121 122 
109 110 117 
110 111 112 113 114 115 116 
111 
112 
113 
114 
115 
116 
117 118 119 120 
118 
119 
120 
121 
122 
123 
124 
125 126 
126 
127 128 151 161 162 165 166 167 217 
128 129 133 136 148 
129 130 131 132 
130 
131 
132 
133 134 135 
134 
135 
136 137 138 142 147 
137 
138 139 140 141 
139 
140 
141 
142 143 145 146 
143 139 144 141 
144 
145 139 144 140 
146 144 140 141 
147 144 
148 149 150 
149 
150 
151 152 159 160 
152 153 154 
153 
154 155 156 
155 
156 157 158 
157 
158 
159 
160 
161 
162 163 164 
163 
164 
165 
166 
167 168 
168 169 
169 170 
170 171 191 203 
171 172 176 182 188 
172 173 174 175 
173 
174 
175 
176 177 178 179 180 181 
177 
178 
179 
180 
181 
182 183 184 185 186 187 
183 
184 
185 
186 
187 
188 189 190 
189 
190 
191 192 196 
192 193 194 195 
193 
194 
195 
196 197 198 199 200 201 202 
197 
198 
199 
200 
201 
202 
203 204 208 209 
204 205 206 207 
205 
206 
207 
208 
209 210 211 212 213 214 215 216 
210 
211 
212 
213 
214 
215 
216 
217 218 219 
218 
219 220 221 
220 
221 