0 
1 
2 
3 
4 
5 
6 
7 
8 
9 
10 0 
11 1 
12 
13 2 3 
14 4 
15 5 6 7 
16 8 9 10 
17 11 
18 12 
19 
20 
21 13 14 15 16 17 18 19 
22 
23 
24 
25 
26 
27 
28 
29 20 
30 21 22 23 24 25 
31 
32 26 
33 
34 27 
35 
36 21 27 
37 28 
38 
39 29 
40 
41 
42 30 31 
43 32 
44 
45 
46 
47 
48 
49 
50 
51 
52 33 34 35 36 37 38 39 40 41 42 43 44 45 46 47 48 49 50 51 52 53 54 55 56 57 58 
53 59 
54 
55 
56 60 61 
57 62 63 
58 
59 
60 
61 
62 64 65 66 
63 67 68 
64 
65 
66 
67 69 70 71 
68 72 
69 
70 
71 
72 73 
73 
74 
75 74 
76 
77 
78 75 76 
79 
80 77 78 79 
81 80 
82 
83 
84 
85 81 82 83 
86 
87 
88 84 85 86 87 88 89 
89 90 
90 
91 
92 91 
93 92 93 
94 94 
95 
96 
97 95 96 97 
98 98 99 100 101 102 103 
99 104 105 106 107 
100 108 109 110 111 112 113 114 115 
101 
102 
103 116 117 118 119 120 121 122 
104 123 124 125 126 
105 127 128 129 130 131 132 133 134 135 136 137 
106 
107 138 139 140 141 142 143 144 145 146 147 148 149 150 151 152 153 154 155 156 157 158 159 160 161 
108 
109 
110 
111 
112 162 163 164 165 
113 
114 166 167 168 169 170 171 
115 172 173 174 175 176 177 178 179 180 181 182 183 184 185 186 187 
116 
117 
118 
119 
120 
121 
122 
123 
124 
125 188 
126 
127 
128 
129 189 
130 190 191 192 193 194 195 
131 
132 196 197 198 199 200 201 
133 202 203 204 205 206 207 
134 208 
135 209 210 
136 211 212 
137 213 214 215 
138 
139 216 217 
140 218 
141 
142 
143 219 
144 
145 220 
146 221 
147 222 
148 223 
149 224 
150 225 226 227 
151 228 
152 
153 229 
154 230 
155 231 
156 232 233 
157 234 
158 
159 235 
160 236 237 
161 238 
162 
163 
164 
165 
166 239 
167 240 
168 241 
169 242 
170 
171 
172 
173 243 
174 
175 244 
176 245 
177 246 
178 
179 
180 
181 
182 247 
183 
184 
185 248 
186 
187 
188 
189 
190 
191 
192 
193 
194 
195 
196 249 
197 
198 
199 
200 
201 
202 250 
203 
204 
205 
206 
207 251 
208 
209 
210 
211 
212 
213 
214 
215 
216 
217 
218 
219 
220 
221 
222 
223 
224 
225 
226 252 
227 253 254 255 
228 256 257 258 
229 
230 
231 
232 
233 
234 
235 
236 
237 
238 
239 
240 
241 
242 
243 
244 
245 
246 
247 
248 259 260 
249 261 262 
250 
251 
252 263 264 265 266 
253 267 268 269 270 271 272 273 274 275 276 277 278 
254 
255 279 280 
256 281 
257 282 283 284 
258 285 286 
259 287 288 289 
260 
261 290 291 292 293 294 295 
262 
263 
264 
265 296 297 298 
266 
267 
268 299 300 301 302 303 
269 
270 304 
271 
272 
273 305 
274 306 307 308 
275 309 310 311 312 313 314 315 
276 
277 316 317 318 319 320 321 
278 322 323 324 325 326 327 328 329 
279 330 331 332 333 334 335 336 337 338 339 
280 340 341 342 
281 
282 343 
283 
284 344 
285 345 346 
286 347 
287 348 
288 
289 
290 
291 349 350 351 352 353 
292 354 
293 355 356 357 358 
294 
295 
296 359 360 361 362 363 364 365 366 367 368 369 370 371 372 373 374 375 376 377 378 379 380 381 382 383 
297 384 385 
298 
299 
300 386 
301 
302 
303 387 
304 
305 
306 388 389 390 391 
307 392 393 394 
308 
309 
310 
311 395 
312 